11001010110100010100001111111110110111011101101001011001111001001000010101110101100000111000000110011100111101101001010100010001
00010000010101010010000100100011000100110111100001000010011000000000111010001111010001110110111000001001101001011110000011101010
11101110000110101000111110001011010110101010001110001010011001111111110111100101011111010101101011000001100011110000011010010011
11010100101010000000111100110100110011001111000111010010101111100001011100110101001111101110110100111101100001001001100111000111
10010010001101100000010111100101110000111111000100101011111111100110011010110000011110000100000101101111010010101100111010100111
11000000111100011001001110011110001110010111000000000100001100110000010110110010011111111001100110001010001001001010011100011010
10111011101101110011101000001110110001110011011111001101110001001101000000110100111010010010100100110000101000101001111111101000
11001110100101111110100100110000011100100011010100011110111010001011101001101111001000100011001110010100001000110000101001001000
01000011110011011101101110010010110011101101100111100100010010101000001111110011101000110100111111100010100101000000111010011010
01011110001111001101001001110111001011010100001011000000100100001100100001101010101100000111110011011101001011111010001011000110
11000110101010101101001001001100111111000101110100000101010000011101111110100010101111100011101110100101100010111010011101100110
01011111101110110111101010010110110000011101111011001110111101011101001110010011100111111101001011111110011110101000111000101011
11110111100010110001010111001001010001010100110110011010100100010001100101001001001111111001111000111011000101011100010010111000
00001011110101010001010001101011100101001111101001000001000010011101011100110111111101100111010000101000111100110010000100011111
10011101011101011110111111000101100111111101111111101001100101000010100010110000111111101011000110000110111100111010101111110110
01110000001110010000010110101001101101000011010111101001001100001111000010001100101000010100100000001011000001001101101011111101
10000011100100001110010011011110001111101011010000000010111010000110001100110001000000001101001101010101011111101111111000011101
10000011010010001110000001100000011010001101111110100001000011000110111010101001111010011101001110100001100010111100010001000010
10001111111100110111010011001101110111100101011111100010111100101011111101001110101100100000000100001011101010000101111111100010
01111010011111110101011001100011111111100111000001100100101010100001110101111100110000110001100011110011010011111101101110101101
11100100111100010000010011011110000001001100011010010101001111101011001110111011011000010101010000011010110111011100101010010110
01100011101100001010011011000010010011010100111001101010001010010011110111001101001101111010100110110110100000100000110110100000
11011100000100011110100000001011110011111010101010010101111110000010100010000000010011110000110111110010001110001110100111101111
10010000101111000010000100011111001101111011101111100111100111001010000100001101000111010100011000010110000111101110101111110001
11011000101011000001000000001111000001000111100000101000010101010101101000110000011101101010101100101011011011011001010000001111
00011111000010000000010111010110100101111010011010101011110110101101001010011111111011111010100100111000001000110010011010110010
10100110100101110011101001011000100111100100101110111010110111110011110001100101111111010010111110110101101111110111011000010100
10011111011010000001110000100101001100100000111011101110010011110011010001111110100111010010110000011111010010010001100011100110
10011100101100110001000010110000000011010000101110110011001110100110000100111000001110100000001110010000011110110001010110011110
00010001111100010101111100100111011101010111111001010001001010001110000010011101100110010010111010101001100010000010001000100011
01111010010100100010010011100111010010100011101111110100011000100100110001010110010011000111000010001010000101010101010111100000
11101110011001101001100000011000001000011100111111101010100110001110100110101010110101001001111000000010111110001111000110010110
01100011100011100000010111001011011001111100001100011001101110100100010101011101001101100000100110100101000101110100100011111001
00101011010101011111000100100001001011111000110010101110011100001100110101101110110111010100010110101101110101010100110011011100
00010000111000011011100000100001010010101010011000001100110111111101111010111111100000000101011010111010010111001000101110001101
00010010010111010100011100111110001000011111000001001001000101010101011011100100111101001101011001011100000011111101011010101110
00111100111111101110101110101011000001101111100111001000101010010000010110010010010000110010110101000010110000111000111111101011
00111101000011100001111001001110101010000110111011110000111110101010011101101011100111001000010000101100011000110000000100110101
01010010111001110100001101110100101010101101000010110011101011111111001011100101101100010011000100101011111010101011010000000110
01010000011001001110000111101001111011100100001000000000101101100011000110001110100001110110001011111011000001101001111100011110
10000110000001001001011100100111101011011000100111101110000101100001001100011110000010111101001101100111100100000001001111011111
00011111111010110010110101000110010101110000111011110011011000100110110011110101000110011001011001110101010001010110010000010101
11010110001010010000000101001001011111001100110011000101100000111111010001110110101110001110100000110100000100010101000011100110
00101111111100101000101111000100010001110111001111011101111001110100000101000101100011001001100110001101101101111101110101101010
01000011001010011000010001101000100110111010100111010000010100011100000111111100100001110001001010111100001010011011110010110100
10100001110101110101000100111111110000100010111011001001110010101000100100101011011010000000101100110000011010000111111000010000
11000000001011000101010100110001001110100010111011101000011100001101000000011101111011011111011101000000010011111100010100011001
00100010110110101100000101000011110111111010111111111111011111110101011110011110001011010011101100111000011011100011001100110000
01001000101000110000100111010100000000001000110100010010010011011101000101110110010010001001100000111011100100011010101110010010
00111010011011000010000010100100111100000011111100111110011101011000100001110100111100101000000101111010110000111001011011110110
11110111111001010011101010110010000101111011011011011010000101101101101000001011010100100011001101110011111111001110000000101000
11101001010011100011010011011001101110111110000001100110000100111100101010011000001000111010001110111111110101000100011010011011
11010000110101111001011001011011010000100000000001010001010101111111011101001111011111011101010010011100001110010110111101010101
00100001110001100101110011000110111010000000001000111101000001001110000000000000111011100010100100000110000001100010011110101110
01010011000110001000100011101101010010110000000101100010010101110011100110111100001010010011011011011000101101000001010110110010
01110010001010000101101110001100111110000110000111010110000011011011011100101110100100100001110000100101111001000011000100101000
10000101001010100100101111100101111010111101011001110100101000001101111100000110101100110101100000011010010010110000011010001101
00100111100011100100100011010000100101011011011011100101100110000110001001111110010010110100101101011111010111111000001011110001
00011110111101010010001101000000101110111101001101001111001100001010011110101011010011000010100101011000010001001001001001111000
11001111011001000110011011000101101000000111011111111100101000001001010001001001111011011001111100111111101010000001010010101111
11100000110111100010001100111001011100011101111011101011100101101011101010100110110000011111001101110111110100011010001011011100
00000111101100101111011110111101110011011111101000000011110100110000100110110111100000000010110000010111001011110110011001010100
00000111010110010100100010000111110010110111010100101101011111110100100010101111000010011110001111000110010100100111100010011100
10110100110011111010000011000001011011100011011101110001011001001001100110000010111010000101100100000101010100110101110111110111
10010100000000110011010111111011000010010101100010001101110100010100100111011110101001111100110100000001000111010101111111101010
01010011001010011011101000001000010110110001111110001010001100010101101000101100011111010010011100001110111011000000100111110000
10101110011011011100110011001111111000111111101110110101011111100101111101001111100000010110010110010010001101100111110100111110
10011011101111000110101000000001000100010000010011100001101110100111100001011100110100001100011010110101000100000001000110000100
00011001110111011110110100011000100010011101100001001101111001101110011001111101001100101010110010001000111110010010110110010010
01110101100110100100000110011000000011111001110110011001101110001010011100100010110100101001111001010011010101110111110100110101
10101110001011100101101110000110001110101000001010101000010010100110000000111000101110101011100010110000011111000101010011000101
00100110110100100111100001011001010010011101111110100100111000110100000001001010010110001011101110101011001100110001101001101111
11011010111111000101010111011111100101101100110010010011111011010101010011110100001010101011010101111001010011111110010101100100
01100100111010001111001111111000111010000001110010100000100000011010110010010010000111001011101000100011111010101000100110001010
00110110101101000101000011110010101110111000011011010011100110111010011001101111101010010100100010111100001111000111000010001101
01101010111110100101111101100000100011011101000010111110110010111000110001110101100001011110111101001011001000111000001011111110
11000011001100111101101000110001000010011101110011011110110111110110110111001000010001001110010110100010110100011010011000011110
11100110100001011111100100001111111010111010000100100001010110110110110111001110010011010011111111111111011010101101010000110101
10100011001100110011101010011110100000011100011011100000000011000110000010100011100010010111011001101110000010010011100011111100
01101010110111011010111110101111010100001101111101100001101010111110100011101001011101000010010010111000100101000100001011001101
11100000101111000110111010010101101010000101110001000010010001001100111010100011101101001000100111010001100111111000000011001011
10110011111110010110010010000001101111101100001011010111100110110101011101111100100000010000101001101111001100010110010100000100
00000101111101011110001111101000111010110011111110000001100011100000001000001110001010001010011101111001111111100010100100001101
01101001011000111100001000011000100011010001000110111100111010111101001001001011001001101000000010101111100000010111100001110010
01100011000011110101111000001100111110110100110110101010110000110001010010111101111111110101101010010110100101011000100001100110
01011101010001100111111010100001100001010101001011010111011101001010001101011110100011100011101111001101111011000001011011001111
10101011100010100111011011001010100101010000001101001111001001000010101010000111111011011011001111100110011111111111100111110011
10111111101101011110111110111101011110100111110100111101000010011101001101000100110100100110011101010000111101011000111001100010
00001000001101111100100110001101111101101000011100001100100001101111101001000111101100111101001111110110111111111010001011110110
00110000011111010010111110100001110001101100111011100110001001100100000110010010010101010010000111110101110100011001111000010110
00010100001100111010100011011010100100110000011110100111000001111100100101010001101110110110100101000110011000011101100011010100
01000100100101100010111000101000011101000000011110001000000000110010000010010101010110101101100111110011101001010000110101000001
00001010111101010000010101011111100000100001011000110100110101101000001001000110001110100110011100111110111111101101000001011010
00101000000001101100101110010000001100011011110110000000101001110010101100110111111100011100001100100011011100000100111111101100
00001101000010101010101100100001001011010000011001000110101111111010110110011100100001000100100111111001100011000010101011111100
10100001110000100101001111110100111101101100000110101011000001110111110010111111011011001100011001001100001010100000100101011001
11101111100001010010101010010110001011111111110001100001110001010011100100101100000100000001011011010011010111010010110000010000
11101100010011111001110110000111111100011011101001011100000011100110010100101110000001010110100101001001011001010000001010101001
11010110011011111011010001101110011011000001011100101010001000001111101111000101100011011011111101101101000110010001001001111000
01010111010111111001010000011111111001111110111111100011100001000101010111100000011100110000110001101110101100101011110101000111
11000111001100111111001011101000101110011011000010101100101110101111001110101010000110100100101101100010010110001100001000000001
01000111000101111110011011101111101010111110111001111100000011001001001110010110100000010110101101100010010111000000010010111001
00000111001101110001011011101010010001110000011100110000100000111011010000001100101100000110000111110011101001101111000011110011
11010000000001111111000000100100110001001110000001001100111010110100111111110110010001111110000001100111000110110011110111011111
01110001111111100101011010110111000010010100010111101110001001000011101000111111001110010111111110110111101011001000001100110011
00110100101000011011100010101011001100000110101110111001111110000001010111000001110010101110010111101010010011011011010101110101
10110100011100111010101101001101010000110111001011110001101111110111100001010011101100100100100110011100100001001011000100100111
01100100101010101101010100000001011111001101111010001000101000111010001100001000001111111100011110110010111111101101111101010011
11011111100101100110100011011110010110010000100101010010110010000110110110010000011110001100110011011110000111100110000011011100
00001111111000101111010010101010011110000101001011001101101001110011101011000111100100010100010101100100110110111010100011001101
11011101110100101001010010001100101001001000010001100110110001001111100010110011111010001001011111001101011011111110101111101000
10000011011100011101100110100110001100100111111110010000010110101000010111100101100001111011111010001111111001100111001001001000
00101010000110001011100010111111100011001001000000111100110001111001110111000101100111010101011100010101100111001001101001010011
11001001011000110101101000100100000110010000001111000100100001011010000011000010110010001100100010011001011001010100011001010111
10110011001101101010100110100010010011101110101110011110110111100100110101101100111111101010101010110111001101001001111100000010
01000110001010000110011001001010101010101001101000011000111001111001001010010000010110111000011100010000111011001110010001001011
11010000011110101101011011001110000011000101101100001110110000111100000111101101010001111110100110001110110111010000001111111010
10111011111001010010000111110011010000110101001001101001011101000100110000110110011101011110111100011011111011111100110101011001
11110100000100111010010011101001000110100111010000001111000100110001101100010011101000010011100111001100111101011101100010101001
00010100011010010010110001000111110101111000110010110100011100110010101010100010010110001010001000110010101000100011101101010011
01001101010101001100110110000111110111100010100111101011100111001100101000100010001000110001001100001111101000111101011101110000
11000101010110110101101001110010010001101101001011101110111001000011001111010110011011111111001111010000001011101101111001110001
11000100101111100101010010110010101001000100100101110111111010111110011110101000001110110000111101100100100011000001111101100001
10011001010110000000110111011111001000011110101000100110101111000100100101011000110110111001010101101000011010010111100101100101
00100010110101100011111000000110100011011000101101011010110101101000010111001101101101000011110101110101010111010111111111010000
10101100000001111110000111000000100011110000100110110100111011111001001111100111011100110011011011101111110110101000100011011011
01001011100110101111000000110010001000000100101001100111011011101111101110101100000100111010101011000110010000011101111011000111
00010100011001010000001010111101100111100001010110100001010110000111110111011100001000010000001011000110011100011100100001000001